R = 0.15;
N = 130;
mu = 4*pi*10^-7;
qtheo = 1.75882017e11;

%V	dV	I	dI	r				dr
data1 = [
175	3	3.00	0.05	(17.15-13.60)/200		0.0008
175	3	2.50	0.04	(17.55-13.05)/200		0.0008
175	3	2.45	0.04	(17.60-13.05)/200		0.0008
175	3	2.00	0.03	(18.10-12.60)/200		0.0008
175	3	1.85	0.03	(18.40-12.25)/200		0.0008
175	3	1.50	0.03	(18.85-11.70)/200		0.0008
175	3	1.00	0.03	(20.90- 9.50)/200		0.0008
];

V1 = 175;
dV1= 3;
I1 = data1(:,3);
dI1= data1(:,4);
r1 = data1(:,5);
dr1= data1(:,6);

data2 = [
250	4	1.10	0.03	(21.40- 9.15)/200		0.0008
250	4	1.30	0.03	(20.55-10.05)/200		0.0008
250	4	1.50	0.03	(19.70-10.85)/200		0.0008
250	4	1.70	0.03	(18.90-11.35)/200		0.0008
250	4	1.90	0.03	(18.50-11.50)/200		0.0008
250	4	2.10	0.03	(18.20-11.75)/200		0.0008
250	4	2.30	0.03	(17.85-12.10)/200		0.0008
250	4	2.50	0.04	(17.50-12.55)/200		0.0008
250	4	2.75	0.04	(17.30-13.65)/200		0.0008
250	4	3.00	0.05	(17.05-13.20)/200		0.0008
];

V2 = 250;
dV2= 4;
I2 = data2(:,3);
dI2= data2(:,4);
r2 = data2(:,5);
dr2= data2(:,6);

data3 = [
265	4	1.75	0.03	(19.10-11.35)/200		0.0008
225	3	1.75	0.03	(18.65-11.45)/200		0.0008
200	3	1.75	0.03	(18.55-11.90)/200		0.0008
175	3	1.75	0.03	(18.20-11.95)/200		0.0008
150	3	1.75	0.03	(18.20-12.20)/200		0.0008
125	3	1.75	0.03	(17.80-12.40)/200		0.0008
100	3	1.75	0.03	(17.60-12.80)/200		0.0008
];

V3 = data3(:,1);
dV3= data3(:,2);
I3 = 1.75;
dI3= 0.03;
r3 = data3(:,5);
dr3= data3(:,6);

data4 = [
245	4	1.10	0.03	(21.10- 9.00)/200		0.0008
225	3	1.10	0.03	(20.90- 9.25)/200		0.0008
200	3	1.10	0.03	(20.65- 9.60)/200		0.0008
175	3	1.10	0.03	(20.20-10.00)/200		0.0008
150	3	1.10	0.03	(19.80-10.35)/200		0.0008
125	3	1.10	0.03	(19.30-10.90)/200		0.0008
100	3	1.10	0.03	(18.80-11.30)/200		0.0008
];

V4 = data4(:,1);
dV4= data4(:,2);
I4 = 1.1;
dI4= 0.03;
r4 = data4(:,5);
dr4= data4(:,6);

data = [data1;data2;data3;data4];
