# Created by Octave 3.2.4, Fri Apr 23 16:13:42 2010 CEST <roald@Compal>
# name: tabel
# type: matrix
# rows: 18
# columns: 6
 12870 0.5700000000000001 0.01 14498 0.91 0.03
 12979 0.59 0.01 14600 0.85 0.03
 13056 0.59 0.01 14702 0.8100000000000001 0.03
 13138 0.6 0.03 14814 0.79 0.03
 13222 0.62 0.03 14914 0.78 0.03
 13306 0.66 0.03 15016 0.76 0.03
 13388 0.72 0.03 15121 0.72 0.03
 13470 0.76 0.03 15207 0.71 0.03
 13552 0.79 0.03 15320 0.6900000000000001 0.03
 13638 0.8100000000000001 0.03 15430 0.68 0.03
 13728 0.8200000000000001 0.03 15542 0.66 0.03
 13818 0.85 0.03 15656 0.65 0.03
 13912 0.88 0.03 15772 0.62 0.03
 14006 0.91 0.03 15888 0.6 0.01
 14102 0.97 0.03 16010 0.59 0.01
 14198 1 0.03 16134 0.58 0.01
 14296 1 0.03 16256 0.5700000000000001 0.01
 14396 0.9400000000000001 0.03 16384 0.5600000000000001 0.01
